6.764591336250305176e-01
3.803217411041259766e-01
4.662106633186340332e-01
4.564442932605743408e-01
8.056923747062683105e-01
8.041019439697265625e-01
2.453425228595733643e-01
6.779341697692871094e-01
5.311434864997863770e-01
5.131409764289855957e-01
4.881733655929565430e-01
2.163557410240173340e-01
5.691484808921813965e-01
7.657157182693481445e-01
3.317155838012695312e-01
2.314121425151824951e-01
6.090741753578186035e-01
5.168517827987670898e-01
2.439832389354705811e-01
1.810290217399597168e-01
5.304549932479858398e-01
6.757467985153198242e-01
9.238430261611938477e-01
4.827662706375122070e-01
6.185976862907409668e-01
5.472502708435058594e-01
6.099504828453063965e-01
4.172952771186828613e-01
2.734763026237487793e-01
2.188207209110260010e-01
4.241960942745208740e-01
4.386069774627685547e-01
3.290112018585205078e-01
3.064475655555725098e-01
2.826738655567169189e-01
5.256987214088439941e-01
6.219293475151062012e-01
6.346650123596191406e-01
9.123653173446655273e-01
6.839173436164855957e-01
7.519899010658264160e-01
1.935867369174957275e-01
8.677016496658325195e-01
5.880427360534667969e-01
5.973345041275024414e-01
2.389520108699798584e-01
2.215804457664489746e-01
1.344375908374786377e-01
3.534366190433502197e-01
5.491911172866821289e-01
2.182341217994689941e-01
2.984132170677185059e-01
4.892723262310028076e-01
7.382073998451232910e-02
3.865624368190765381e-01
4.346042275428771973e-01
3.651172220706939697e-01
3.354322314262390137e-01
2.165693938732147217e-01
3.610875904560089111e-01
3.539479374885559082e-01
8.123797774314880371e-01
2.090467810630798340e-01
4.239570498466491699e-01
3.533219993114471436e-01
3.026252388954162598e-01
8.548388481140136719e-01
3.390369415283203125e-01
1.643826365470886230e-01
3.529091477394104004e-01
4.719977974891662598e-01
3.665016293525695801e-01
1.026224493980407715e-01
4.801383316516876221e-01
2.515686750411987305e-01
2.732930779457092285e-01
5.887641310691833496e-01
1.679523289203643799e-01
7.090128064155578613e-01
3.283872604370117188e-01
3.513451814651489258e-01
7.102588415145874023e-01
2.256415784358978271e-01
6.117413043975830078e-01
2.204814553260803223e-01
5.449503660202026367e-01
4.407043457031250000e-01
8.090032339096069336e-01
6.321517229080200195e-01
3.686317205429077148e-01
5.276218056678771973e-01
4.197769761085510254e-01
2.697959840297698975e-01
7.590004801750183105e-01
3.486307263374328613e-01
7.171491980552673340e-01
1.218824684619903564e-01
5.412251949310302734e-01
5.630178451538085938e-01
1.437835693359375000e-01
6.453163027763366699e-01
2.352964878082275391e-01
5.308666229248046875e-01
5.888891816139221191e-01
6.098626852035522461e-01
1.101886630058288574e-01
5.918476581573486328e-01
3.533564209938049316e-01
3.250912427902221680e-01
1.603014767169952393e-01
3.426290154457092285e-01
3.626316487789154053e-01
3.613555431365966797e-01
3.228798508644104004e-01
5.781683921813964844e-01
6.166960597038269043e-01
8.213027715682983398e-01
5.428518056869506836e-01
7.732098102569580078e-01
4.093638062477111816e-01
5.603688359260559082e-01
6.530330181121826172e-01
6.004779934883117676e-01
6.253740191459655762e-01
1.465681493282318115e-01
6.264130473136901855e-01
6.685208082199096680e-01
3.291265070438385010e-01
7.059414982795715332e-01
6.270238161087036133e-01
5.663186907768249512e-01
6.981932520866394043e-01
8.289055824279785156e-01
2.700781524181365967e-01
6.042505502700805664e-01
9.324565529823303223e-02
3.741935193538665771e-01
5.339756608009338379e-01
5.108113884925842285e-01
9.619833230972290039e-01
9.416655302047729492e-01
5.142854452133178711e-01
7.522709369659423828e-01
2.777146995067596436e-01
6.617715954780578613e-01
6.223698258399963379e-01
4.550584554672241211e-01
2.205490171909332275e-01
8.020166158676147461e-01
7.466366291046142578e-01
7.300150394439697266e-01
6.840974092483520508e-01
6.424554586410522461e-01
5.734823346138000488e-01
5.299881696701049805e-01
4.626401364803314209e-01
4.228276312351226807e-01
2.354011833667755127e-01
1.720292270183563232e-01
8.277095556259155273e-01
5.503453016281127930e-01
6.309866309165954590e-01
4.132612645626068115e-01
5.026844143867492676e-01
6.563380956649780273e-01
5.307735800743103027e-01
3.992073535919189453e-01
1.609878540039062500e-01
2.683677971363067627e-01
4.989196062088012695e-01
4.293340146541595459e-01
7.260662913322448730e-01
8.515916466712951660e-01
8.053561449050903320e-01
2.380201816558837891e-01
6.951067447662353516e-01
4.953308999538421631e-01
1.046877801418304443e-01
5.720946788787841797e-01
4.145223498344421387e-01
6.855728626251220703e-01
2.598881125450134277e-01
4.770068824291229248e-01
3.709887266159057617e-01
2.332307398319244385e-01
7.981202602386474609e-01
3.912186026573181152e-01
4.699837565422058105e-01
3.625385463237762451e-01
3.213655650615692139e-01
1.356213092803955078e-01
7.129610776901245117e-01
4.138961136341094971e-01
2.449100613594055176e-01
7.535997629165649414e-01
3.437239527702331543e-01
5.401912927627563477e-01
5.497053265571594238e-01
7.850859165191650391e-01
4.085694849491119385e-01
4.786624312400817871e-01
3.372547030448913574e-01
4.641558527946472168e-01
5.792919397354125977e-01
7.411049008369445801e-01
2.478226721286773682e-01
5.549175739288330078e-01
5.579968690872192383e-01
7.645635604858398438e-01
5.821897983551025391e-01
3.674587011337280273e-01
7.197615504264831543e-01
3.182548284530639648e-01
3.906982839107513428e-01
1.977450251579284668e-01
4.673370122909545898e-01
2.957713901996612549e-01
5.518420338630676270e-01
3.251210451126098633e-01
8.113998174667358398e-01
3.702567219734191895e-01
5.942006707191467285e-01
2.269958257675170898e-01
5.995557308197021484e-01
4.946299791336059570e-01
3.706490099430084229e-01
3.005979061126708984e-01
1.681995391845703125e-01
7.107571363449096680e-01
6.319643259048461914e-01
2.687287926673889160e-01
5.883963704109191895e-01
7.138626575469970703e-01
2.812856435775756836e-01
8.319861888885498047e-01
4.462952017784118652e-01
8.220724463462829590e-01
6.741950511932373047e-01
1.887973845005035400e-01
4.389002919197082520e-01
5.321235656738281250e-01
1.794227957725524902e-01
8.275449872016906738e-01
2.610243558883666992e-01
4.912448525428771973e-01
4.462658762931823730e-01
2.577497959136962891e-01
5.126487612724304199e-01
3.040937185287475586e-01
2.814397215843200684e-01
4.656765460968017578e-01
1.307213902473449707e-01
4.859382212162017822e-01
1.456055939197540283e-01
1.597157716751098633e-01
2.595252394676208496e-01
3.336772918701171875e-01
2.194046974182128906e-01
5.000154972076416016e-01
4.013435840606689453e-01
3.598536252975463867e-01
6.818735599517822266e-01
5.408597588539123535e-01
7.175698876380920410e-01
4.612917900085449219e-01
2.403692007064819336e-01
4.766193628311157227e-01
7.059550881385803223e-01
3.571774065494537354e-01
2.230481207370758057e-01
7.308115959167480469e-01
9.693884849548339844e-02
4.304696023464202881e-01
1.757553219795227051e-01
7.417578101158142090e-01
4.308879673480987549e-01
2.950380444526672363e-01
4.264498949050903320e-01
8.052261471748352051e-01
5.024983286857604980e-01
7.443320751190185547e-01
6.107188463211059570e-01
6.084932088851928711e-01
8.468352556228637695e-01
8.278858661651611328e-01
5.675666928291320801e-01
4.414057433605194092e-01
2.779710590839385986e-01
3.867040872573852539e-01
3.075220584869384766e-01
4.742513895034790039e-01
4.792748689651489258e-01
1.770770549774169922e-01
2.032446563243865967e-01
1.598613858222961426e-01
1.616481542587280273e-01
4.281354844570159912e-01
3.643134236335754395e-01
3.425872325897216797e-01
4.761113822460174561e-01
4.259880483150482178e-01
3.370701074600219727e-01
7.291307449340820312e-01
8.672823905944824219e-01
5.665693283081054688e-01
2.673618793487548828e-01
3.214963972568511963e-01
1.050513684749603271e-01
3.692682385444641113e-01
5.420464277267456055e-01
2.108221948146820068e-01
4.124915301799774170e-01
5.750755667686462402e-01
5.895676016807556152e-01
4.696717262268066406e-01
8.283020257949829102e-01
1.535486578941345215e-01
3.183193504810333252e-01
3.937427699565887451e-01
6.049530506134033203e-01
7.861155867576599121e-01
5.267077088356018066e-01
2.035401463508605957e-01
3.918081223964691162e-01
3.722350299358367920e-01
2.311191260814666748e-01
2.508166432380676270e-01
7.756193876266479492e-01
4.645173251628875732e-01
2.812333405017852783e-01
3.067378401756286621e-01
2.315671145915985107e-01
4.392079710960388184e-01
3.252404928207397461e-01
1.819642484188079834e-01
3.557170629501342773e-01
6.629592180252075195e-01
2.743572592735290527e-01
3.016973733901977539e-01
5.113025903701782227e-01
4.711614549160003662e-01
2.000894844532012939e-01
3.033329844474792480e-01
5.868506431579589844e-01
8.287733197212219238e-01
4.169806241989135742e-01
7.517086267471313477e-01
4.507861137390136719e-01
5.794601440429687500e-01
6.759393215179443359e-01
6.579576134681701660e-01
5.597283840179443359e-01
3.732489645481109619e-01
3.100333809852600098e-01
3.784487247467041016e-01
4.497019946575164795e-01
4.583000540733337402e-01
3.067216277122497559e-01
2.326503992080688477e-01
2.525961995124816895e-01
9.905076026916503906e-02
4.950802326202392578e-01
7.115826010704040527e-01
6.546716094017028809e-01
2.198698818683624268e-01
2.974051237106323242e-01
6.143036484718322754e-01
1.267178356647491455e-01
7.211259603500366211e-01
1.249106824398040771e-01
2.789024710655212402e-01
6.949924230575561523e-01
7.943267226219177246e-01
2.506568729877471924e-01
2.877101302146911621e-01
2.498551905155181885e-01
6.474222540855407715e-01
8.119963407516479492e-01
5.906267166137695312e-01
3.105999827384948730e-01
5.598139166831970215e-01
7.324979901313781738e-01
3.344817161560058594e-01
2.321952879428863525e-01
4.761561155319213867e-01
5.217291712760925293e-01
4.022689759731292725e-01
3.203100562095642090e-01
7.808848619461059570e-01
3.979079723358154297e-01
2.186575233936309814e-01
4.802956581115722656e-01
4.910144805908203125e-01
6.423616409301757812e-01
4.178632497787475586e-01
9.730222821235656738e-02
3.640534877777099609e-01
4.796481430530548096e-01
7.730813026428222656e-01
4.607701301574707031e-01
5.524460673332214355e-01
8.112222552299499512e-01
5.561851263046264648e-01
3.719866871833801270e-01
2.761510610580444336e-01
8.104369640350341797e-01
4.539318680763244629e-01
1.717577576637268066e-01
7.165453433990478516e-01
1.140833199024200439e-01
6.271157860755920410e-01
5.766211748123168945e-01
1.163145601749420166e-01
6.208588480949401855e-01
5.222817063331604004e-01
5.706519484519958496e-01
7.630753517150878906e-01
4.450017809867858887e-01
4.395710825920104980e-01
6.764466762542724609e-01
8.814160227775573730e-01
5.988138914108276367e-01
5.418386459350585938e-01
4.825735688209533691e-01
4.935065805912017822e-01
6.812422275543212891e-01
4.226925373077392578e-01
3.485047817230224609e-01
4.102824628353118896e-01
6.636306643486022949e-01
7.155954837799072266e-01
4.329319000244140625e-01
2.833752036094665527e-01
8.391644954681396484e-01
8.146485686302185059e-01
7.356377840042114258e-01
1.399332880973815918e-01
7.434092164039611816e-01
7.308905720710754395e-01
6.122511029243469238e-01
4.042874872684478760e-01
3.796188831329345703e-01
7.927647233009338379e-01
7.279475331306457520e-01
4.047864079475402832e-01
5.406470894813537598e-01
1.513311564922332764e-01
1.861339807510375977e-01
6.948638558387756348e-01
7.181386947631835938e-01
8.153953552246093750e-01
5.492477416992187500e-01
4.351615011692047119e-01
5.388256907463073730e-01
9.114022254943847656e-01
6.835081577301025391e-01
4.391589164733886719e-01
1.697926223278045654e-01
3.972864747047424316e-01
3.507182002067565918e-01
2.745298147201538086e-01
5.409086942672729492e-01
8.177098035812377930e-01
7.551487684249877930e-01
8.246673345565795898e-01
5.213307738304138184e-01
5.917600989341735840e-01
4.861314594745635986e-01
4.707865118980407715e-01
1.886462867259979248e-01
4.360091388225555420e-01
2.374491393566131592e-01
3.118950426578521729e-01
4.583900570869445801e-01
4.177830219268798828e-01
2.212556600570678711e-01
1.282236278057098389e-01
3.009916841983795166e-01
4.469789564609527588e-01
6.657485365867614746e-01
3.949537277221679688e-01
3.592046499252319336e-01
1.224865913391113281e-01
5.006646513938903809e-01
4.290527105331420898e-01
9.078162908554077148e-02
3.893502354621887207e-01
7.896357178688049316e-01
1.693123579025268555e-01
2.915975749492645264e-01
2.682604491710662842e-01
5.232008695602416992e-01
3.741265535354614258e-01
6.590908765792846680e-01
4.059814214706420898e-01
3.052595853805541992e-01
2.341006994247436523e-01
5.763464570045471191e-01
1.929564177989959717e-01
2.674781680107116699e-01
2.917652130126953125e-01
7.817045450210571289e-01
4.848107397556304932e-01
4.255544543266296387e-01
4.051986038684844971e-01
3.648661375045776367e-01
2.080288231372833252e-01
2.030229866504669189e-01
8.514068126678466797e-01
2.015760242938995361e-01
1.519186794757843018e-01
3.985414803028106689e-01
1.559064388275146484e-01
6.320260167121887207e-01
3.050143122673034668e-01
6.796172857284545898e-01
6.111425161361694336e-01
6.461824774742126465e-01
4.572403430938720703e-01
1.667668521404266357e-01
5.736103057861328125e-01
5.911402106285095215e-01
6.693774461746215820e-01
7.941148281097412109e-01
6.019677519798278809e-01
4.157499670982360840e-01
4.643332660198211670e-01
4.688531458377838135e-01
3.031406402587890625e-01
1.534642875194549561e-01
5.043906569480895996e-01
5.819445252418518066e-01
2.237963676452636719e-01
4.165723919868469238e-01
6.736146211624145508e-01
2.953769564628601074e-01
4.586140811443328857e-01
5.297698378562927246e-01
6.318642497062683105e-01
3.919012248516082764e-01
2.030950486660003662e-01
4.354279041290283203e-01
7.896461486816406250e-01
1.212317049503326416e-01
2.350189685821533203e-01
2.014864385128021240e-01
7.332906126976013184e-01
4.502190649509429932e-01
2.597406208515167236e-01
3.376778364181518555e-01
3.820899724960327148e-01
2.611129283905029297e-01
6.838467121124267578e-01
2.179479002952575684e-01
3.195564150810241699e-01
1.556637287139892578e-01
4.471053481101989746e-01
2.203724980354309082e-01
3.378726840019226074e-01
2.378834187984466553e-01
1.708650588989257812e-01
6.564974784851074219e-01
6.182911396026611328e-01
6.370824575424194336e-01
7.997033596038818359e-01
2.757795751094818115e-01
1.445470452308654785e-01
6.563510894775390625e-01
5.077919960021972656e-01
7.319480180740356445e-01
8.760188817977905273e-01
3.843284249305725098e-01
7.373634576797485352e-01
2.380893826484680176e-01
7.828656435012817383e-01
5.361027717590332031e-01
6.272898316383361816e-01
6.540999412536621094e-01
2.384990453720092773e-01
2.382136881351470947e-01
8.604408502578735352e-01
4.595247507095336914e-01
6.786683797836303711e-01
5.494098663330078125e-01
1.734436154365539551e-01
2.984492778778076172e-01
2.790613174438476562e-01
5.683857798576354980e-01
2.399150133132934570e-01
2.866051197052001953e-01
3.389392495155334473e-01
5.685219168663024902e-01
4.043540358543395996e-01
6.312892436981201172e-01
5.016677379608154297e-01
6.253851056098937988e-01
5.232994556427001953e-01
7.193494439125061035e-01
5.479398369789123535e-01
4.900919497013092041e-01
2.498560547828674316e-01
8.723255991935729980e-01
7.216391563415527344e-01
1.795592010021209717e-01
2.645610868930816650e-01
3.508802354335784912e-01
5.645942091941833496e-01
6.119584441184997559e-01
5.773521065711975098e-01
3.395266234874725342e-01
3.601383864879608154e-01
6.966758966445922852e-01
1.033496856689453125e-01
2.169911861419677734e-01
6.462090611457824707e-01
3.084380030632019043e-01
2.973509430885314941e-01
7.144466042518615723e-01
4.725705087184906006e-01
3.863188922405242920e-01
4.557338356971740723e-01
3.733162283897399902e-01
3.275479078292846680e-01
8.717175126075744629e-01
2.015493512153625488e-01
4.080877900123596191e-01
2.836156487464904785e-01
2.739883363246917725e-01
6.672302484512329102e-01
9.472334384918212891e-01
6.662075519561767578e-01
3.660768866539001465e-01
7.652850151062011719e-01
2.317010760307312012e-01
6.576554775238037109e-01
3.294034600257873535e-01
2.240277826786041260e-01
6.996737122535705566e-01
4.792972207069396973e-01
2.850961089134216309e-01
5.330222845077514648e-01
4.471462070941925049e-01
3.410089612007141113e-01
8.151177167892456055e-01
6.394140720367431641e-01
3.309789597988128662e-01
2.312566637992858887e-01
3.879802823066711426e-01
4.181570410728454590e-01
5.505390763282775879e-01
1.850160658359527588e-01
3.810600638389587402e-01
7.009541392326354980e-01
2.250640690326690674e-01
6.843297481536865234e-01
6.964389085769653320e-01
2.502710521221160889e-01
1.186690628528594971e-01
4.497095942497253418e-01
9.116625785827636719e-02
6.592828035354614258e-01
5.890949964523315430e-01
3.415688872337341309e-01
2.202604711055755615e-01
2.465912699699401855e-01
1.927738487720489502e-01
5.055437684059143066e-01
4.511161446571350098e-01
4.235814809799194336e-01
2.286715805530548096e-01
5.176514983177185059e-01
3.168032467365264893e-01
5.206230282783508301e-01
3.503170609474182129e-01
5.704104900360107422e-01
5.328688621520996094e-01
4.532995522022247314e-01
1.459157466888427734e-01
8.503469228744506836e-01
3.241167664527893066e-01
4.195336997509002686e-01
4.813605844974517822e-01
5.588860511779785156e-01
7.272444963455200195e-01
7.257246971130371094e-01
3.170803785324096680e-01
7.053730487823486328e-01
6.607522368431091309e-01
7.467417120933532715e-01
1.395112574100494385e-01
3.067409396171569824e-01
6.107586026191711426e-01
1.300165951251983643e-01
4.988444745540618896e-01
1.253593266010284424e-01
7.934310436248779297e-01
6.395455002784729004e-01
5.884283185005187988e-01
2.727967798709869385e-01
3.782538473606109619e-01
8.948512673377990723e-01
2.934691011905670166e-01
5.637729763984680176e-01
1.734674274921417236e-01
6.359099149703979492e-01
4.869132637977600098e-01
4.933451414108276367e-01
5.432109832763671875e-01
8.353563547134399414e-01
7.251194715499877930e-01
5.107930898666381836e-01
6.846678256988525391e-01
8.547786474227905273e-01
3.406816124916076660e-01
6.597037911415100098e-01
4.471221268177032471e-01
5.159868001937866211e-01
2.370335161685943604e-01
5.422604084014892578e-01
3.281027674674987793e-01
8.228781223297119141e-01
7.097858190536499023e-01
4.696109890937805176e-01
8.643721342086791992e-01
3.833543956279754639e-01
2.855120897293090820e-01
2.757202386856079102e-01
8.442028760910034180e-01
3.963351547718048096e-01
3.102393150329589844e-01
7.118369340896606445e-01
2.710768878459930420e-01
5.146757960319519043e-01
3.609442710876464844e-01
2.996014356613159180e-01
4.927321076393127441e-01
6.209660768508911133e-01
6.196050047874450684e-01
6.391391158103942871e-01
8.929238319396972656e-01
4.096607565879821777e-01
6.301165819168090820e-01
3.293334245681762695e-01
5.203706622123718262e-01
5.480249524116516113e-01
3.836653232574462891e-01
2.130102515220642090e-01
3.261915445327758789e-01
4.448625147342681885e-01
6.958698630332946777e-01
7.850339412689208984e-01
2.011494338512420654e-01
3.098883032798767090e-01
8.668241500854492188e-01
8.014284372329711914e-01
2.581954896450042725e-01
3.137078285217285156e-01
5.650745034217834473e-01
3.187866806983947754e-01
7.030946612358093262e-01
3.498398661613464355e-01
4.040286242961883545e-01
7.557981014251708984e-01
3.664452433586120605e-01
6.788993477821350098e-01
3.682030439376831055e-01
3.318533897399902344e-01
1.917380094528198242e-01
5.084825754165649414e-01
3.279387950897216797e-01
6.761065721511840820e-01
1.080630421638488770e-01
5.843444466590881348e-01
4.850505292415618896e-01
6.301642656326293945e-01
8.604379892349243164e-01
5.751184225082397461e-01
5.620728731155395508e-01
5.568147301673889160e-01
8.001333475112915039e-01
5.088952779769897461e-01
2.407563924789428711e-01
1.772655546665191650e-01
7.752760052680969238e-01
1.606597602367401123e-01
3.945638835430145264e-01
6.844707727432250977e-01
2.406364381313323975e-01
9.575091600418090820e-01
7.084399461746215820e-01
7.860971689224243164e-01
4.374025464057922363e-01
8.026078939437866211e-01
5.035496354103088379e-01
3.105778694152832031e-01
3.458059728145599365e-01
9.705135226249694824e-02
2.111164629459381104e-01
7.777431011199951172e-01
4.644735455513000488e-01
9.192684292793273926e-01
4.567457437515258789e-01
1.244860887527465820e-01
4.309683442115783691e-01
1.373074054718017578e-01
3.023659884929656982e-01
4.753667414188385010e-01
6.090770959854125977e-01
7.390945553779602051e-01
4.864827990531921387e-01
3.815231323242187500e-01
6.469461321830749512e-01
3.841531276702880859e-01
3.589215874671936035e-01
7.810097932815551758e-01
3.850356936454772949e-01
3.413443565368652344e-01
1.067429184913635254e-01
3.513779044151306152e-01
7.766823768615722656e-01
6.509340405464172363e-01
7.159171104431152344e-01
6.890285015106201172e-01
2.270747423171997070e-01
5.980669260025024414e-01
5.421023368835449219e-01
4.308826327323913574e-01
6.313623189926147461e-01
7.539895772933959961e-01
1.813544034957885742e-01
1.935710012912750244e-01
6.351281404495239258e-01
5.176177024841308594e-01
7.566957473754882812e-01
3.312541246414184570e-01
3.870462179183959961e-01
5.288907289505004883e-01
5.462208986282348633e-01
3.557180762290954590e-01
2.952210009098052979e-01
6.164234876632690430e-01
6.203816533088684082e-01
2.074720859527587891e-01
7.291419506072998047e-01
4.278810918331146240e-01
2.746675610542297363e-01
2.458614110946655273e-01
1.424186229705810547e-01
7.997345924377441406e-01
2.375341057777404785e-01
4.700992703437805176e-01
3.542703390121459961e-01
3.568888902664184570e-01
4.155905842781066895e-01
8.353125452995300293e-01
3.540877699851989746e-01
4.531162679195404053e-01
1.223837733268737793e-01
3.074937462806701660e-01
7.265905141830444336e-01
5.070977807044982910e-01
3.771235346794128418e-01
5.826494097709655762e-01
5.834203958511352539e-01
6.922243833541870117e-01
3.175721764564514160e-01
4.827851951122283936e-01
2.285325527191162109e-01
5.573790669441223145e-01
3.972154855728149414e-01
3.324645161628723145e-01
6.358228325843811035e-01
7.218639850616455078e-01
2.183873057365417480e-01
3.793431520462036133e-01
2.542809545993804932e-01
6.682491302490234375e-01
6.212298870086669922e-01
6.884418725967407227e-01
6.679943203926086426e-01
4.902782142162322998e-01
3.244279325008392334e-01
5.356346964836120605e-01
4.118746519088745117e-01
4.660182595252990723e-01
5.502942800521850586e-01
2.019523680210113525e-01
3.778269290924072266e-01
2.374209761619567871e-01
2.851696610450744629e-01
6.294453144073486328e-01
5.703166127204895020e-01
9.379712343215942383e-01
3.840958476066589355e-01
3.557309806346893311e-01
5.728332996368408203e-01
4.458835721015930176e-01
8.818126916885375977e-01
6.063681840896606445e-02
8.179204463958740234e-01
6.559276580810546875e-01
3.271173834800720215e-01
4.391073286533355713e-01
1.526578664779663086e-01
3.411645293235778809e-01
3.747397959232330322e-01
2.190637886524200439e-01
5.016403794288635254e-01
7.497162818908691406e-01
8.231905698776245117e-01
1.854739189147949219e-01
5.815206170082092285e-01
3.391659855842590332e-01
4.058094918727874756e-01
5.648717880249023438e-01
6.592825055122375488e-02
3.046072721481323242e-01
6.837172508239746094e-01
7.408388853073120117e-01
7.401408553123474121e-01
7.540234327316284180e-01
3.302568197250366211e-01
4.203852713108062744e-01
6.601548194885253906e-01
3.399418592453002930e-01
1.911580860614776611e-01
7.601435184478759766e-01
7.597094178199768066e-01
5.141232013702392578e-01
2.486171424388885498e-01
8.088923096656799316e-01
6.319667696952819824e-01
7.386213541030883789e-01
2.701100707054138184e-01
4.347701966762542725e-01
3.978781700134277344e-01
4.492627978324890137e-01
5.278614759445190430e-01
2.394870817661285400e-01
6.403058767318725586e-01
3.144656419754028320e-01
7.429833412170410156e-01
1.998320221900939941e-01
6.308968067169189453e-01
1.550538539886474609e-01
2.053316831588745117e-01
6.861527562141418457e-01
5.918747782707214355e-01
3.460695147514343262e-01
3.747947216033935547e-01
1.568333804607391357e-01
8.827608823776245117e-02
1.754453182220458984e-01
3.051114082336425781e-01
3.098657131195068359e-01
6.252767443656921387e-01
2.647837400436401367e-01
3.299872279167175293e-01
8.892774581909179688e-02
4.200965762138366699e-01
8.001592755317687988e-02
7.673888206481933594e-01
4.271246194839477539e-01
9.966996312141418457e-02
2.748479247093200684e-01
4.671114981174468994e-01
6.149414777755737305e-01
5.714008212089538574e-01
8.590437769889831543e-01
3.844402432441711426e-01
8.256078958511352539e-01
6.015748381614685059e-01
3.017213344573974609e-01
1.726817786693572998e-01
5.485506653785705566e-01
3.987120687961578369e-01
5.568421483039855957e-01
4.579237401485443115e-01
1.971568465232849121e-01
4.000338912010192871e-01
2.051851749420166016e-01
4.912445247173309326e-01
2.768350243568420410e-01
6.690689921379089355e-02
5.810859203338623047e-01
9.329807162284851074e-01
2.812127470970153809e-01
5.407953262329101562e-01
3.946826756000518799e-01
2.628178596496582031e-01
7.732987403869628906e-01
2.903003096580505371e-01
7.548188567161560059e-01
3.707250058650970459e-01
6.418399810791015625e-01
2.431149780750274658e-01
3.822655081748962402e-01
7.021415233612060547e-01
3.696143329143524170e-01
4.104040861129760742e-01
5.543289184570312500e-01
3.293117880821228027e-01
2.160798609256744385e-01
1.993547677993774414e-01
7.990219593048095703e-01
5.455505847930908203e-01
5.526280999183654785e-01
3.170364499092102051e-01
4.643346071243286133e-01
2.234122753143310547e-01
2.125113010406494141e-01
8.984477519989013672e-01
6.512270569801330566e-01
7.605542540550231934e-01
7.391736507415771484e-01
1.446655094623565674e-01
3.760314285755157471e-01
3.474525213241577148e-01
2.675496935844421387e-01
7.058233618736267090e-01
4.135020971298217773e-01
5.436189770698547363e-01
8.733990192413330078e-01
4.285640120506286621e-01
5.716514587402343750e-01
4.037678241729736328e-01
9.576143622398376465e-01
7.568621635437011719e-01
1.180576980113983154e-01
7.750066518783569336e-01
4.096576571464538574e-01
8.419352769851684570e-02
4.194538593292236328e-01
9.011020660400390625e-01
3.883210122585296631e-01
8.781945705413818359e-01
1.901961565017700195e-01
1.532069444656372070e-01
2.980631887912750244e-01
5.629931092262268066e-01
5.514284968376159668e-01
5.001726150512695312e-01
6.725932359695434570e-01
8.837064504623413086e-01
3.548960387706756592e-01
6.941245794296264648e-01
8.929461240768432617e-02
7.224702835083007812e-01
5.835839509963989258e-01
7.411481142044067383e-01
5.385351777076721191e-01
5.312353968620300293e-01
1.792227029800415039e-01
3.595908284187316895e-01
1.840690374374389648e-01
7.503844499588012695e-01
3.998119235038757324e-01
2.061845362186431885e-01
2.492265701293945312e-01
3.292435407638549805e-01
7.102101445198059082e-01
7.693310976028442383e-01
2.433285117149353027e-01
4.932895600795745850e-01
1.529114246368408203e-01
2.809052467346191406e-01
3.069027066230773926e-01
3.785229921340942383e-01
6.014474630355834961e-01
4.192239046096801758e-01
3.597715497016906738e-01
3.454014956951141357e-01
6.646948456764221191e-01
3.543276190757751465e-01
4.879196584224700928e-01
4.508699178695678711e-01
4.347215890884399414e-01
2.824804782867431641e-01
4.288652539253234863e-01
5.024634599685668945e-01
2.177046239376068115e-01
3.806292414665222168e-01
3.264566063880920410e-01
6.349679231643676758e-01
4.601926803588867188e-01
5.007666945457458496e-01
4.906273484230041504e-01
7.727060317993164062e-01
3.509393334388732910e-01
7.641453742980957031e-01
5.160052180290222168e-01
2.872767448425292969e-01
3.437684178352355957e-01
2.076348066329956055e-01
2.863820791244506836e-01
7.643353939056396484e-01
2.946251630783081055e-01
1.731875538825988770e-01
5.388891100883483887e-01
2.875541746616363525e-01
4.437084794044494629e-01
5.623878836631774902e-01
5.010414719581604004e-01
4.694401025772094727e-01
4.189731478691101074e-01
6.300096511840820312e-01
8.512792587280273438e-01
2.364836633205413818e-01
8.953953981399536133e-01
4.968392550945281982e-01
4.340383708477020264e-01
9.081956148147583008e-01
4.069711267948150635e-01
7.780410051345825195e-01
3.627885580062866211e-01
2.623983621597290039e-01
1.122140586376190186e-01
6.416292190551757812e-01
1.718629896640777588e-01
5.116764307022094727e-01
6.639403700828552246e-01
3.481423854827880859e-01
2.976445555686950684e-01
8.125743865966796875e-01
5.632301568984985352e-01
2.655254304409027100e-01
8.400527238845825195e-01
7.810510396957397461e-01
4.044829308986663818e-01
4.640181064605712891e-01
3.116388320922851562e-01
8.005239963531494141e-01
6.397295594215393066e-01
1.460286080837249756e-01
3.801725804805755615e-01
1.436368227005004883e-01
2.370314002037048340e-01
8.809307217597961426e-01
4.146348834037780762e-01
2.296332418918609619e-01
4.639945626258850098e-01
4.089876115322113037e-01
6.925628185272216797e-01
5.308554172515869141e-01
3.631174564361572266e-01
3.695387840270996094e-01
7.647097110748291016e-01
8.720855116844177246e-01
1.502712070941925049e-01
6.153845191001892090e-01
3.814828991889953613e-01
5.633112192153930664e-01
6.438396573066711426e-01
2.529536485671997070e-01
5.313784480094909668e-01
4.959909319877624512e-01
3.314016163349151611e-01
2.669545412063598633e-01
6.224250197410583496e-01
6.366095542907714844e-01
2.775751948356628418e-01
2.980700731277465820e-01
4.374086260795593262e-01
6.281635761260986328e-01
5.443549156188964844e-01
5.293767452239990234e-01
2.946193814277648926e-01
1.320723295211791992e-01
2.379440665245056152e-01
3.695843219757080078e-01
1.339538395404815674e-01
4.890434443950653076e-01
2.729389965534210205e-01
6.152163743972778320e-01
8.390124440193176270e-01
6.343637108802795410e-01
4.370434582233428955e-01
2.845537662506103516e-01
8.609853982925415039e-01
2.224992811679840088e-01
4.297745227813720703e-01
3.880604207515716553e-01
6.343357563018798828e-01
4.526605606079101562e-01
3.415901064872741699e-01
6.059091091156005859e-01
6.929970979690551758e-01
4.845903813838958740e-01
8.853251934051513672e-01
5.621247887611389160e-01
7.488370537757873535e-01
9.560066461563110352e-01
5.468782782554626465e-01
3.368517160415649414e-01
6.454395055770874023e-01
2.003940045833587646e-01
4.987087547779083252e-01
4.263410568237304688e-01
4.797500669956207275e-01
3.527676165103912354e-01
3.388595581054687500e-01
3.237348794937133789e-01
2.802898585796356201e-01
5.382447838783264160e-01
1.602094471454620361e-01
6.812711954116821289e-01
3.855829238891601562e-01
6.402136087417602539e-01
7.579917907714843750e-01
3.027052581310272217e-01
6.545629501342773438e-01
7.777683734893798828e-01
9.890922904014587402e-02
5.666274428367614746e-01
5.411284565925598145e-01
3.494377732276916504e-01
8.018885850906372070e-01
6.734030246734619141e-01
7.684332132339477539e-01
6.249862909317016602e-01
3.389896750450134277e-01
5.701242685317993164e-01
2.521090805530548096e-01
2.131565511226654053e-01
8.023598194122314453e-01
4.881692826747894287e-01
1.387018561363220215e-01
4.407485127449035645e-01
2.604416012763977051e-01
5.999150276184082031e-01
3.395351767539978027e-01
7.183328866958618164e-01
6.410290002822875977e-01
5.929170846939086914e-01
1.313847601413726807e-01
1.991104781627655029e-01
1.605205833911895752e-01
1.775594651699066162e-01
6.044963002204895020e-01
8.774986863136291504e-01
7.033588886260986328e-01
7.983318567276000977e-01
3.794659376144409180e-01
3.310570120811462402e-01
7.195748686790466309e-01
2.469615638256072998e-01
3.019019961357116699e-01
5.435888171195983887e-01
6.458068490028381348e-01
5.582324266433715820e-01
7.793998718261718750e-01
1.166425347328186035e-01
5.109878778457641602e-01
7.509015798568725586e-01
6.551877856254577637e-01
2.916385829448699951e-01
6.951580047607421875e-01
8.058750629425048828e-01
2.407950758934020996e-01
1.586816906929016113e-01
6.607329845428466797e-01
4.757018387317657471e-01
3.086756169795989990e-01
5.826574563980102539e-01
3.843802809715270996e-01
4.083299040794372559e-01
3.292235732078552246e-01
1.091220974922180176e-01
3.816028237342834473e-01
2.728863954544067383e-01
6.973705887794494629e-01
2.060482501983642578e-01
2.232629954814910889e-01
6.543359756469726562e-01
4.418946206569671631e-01
2.078447043895721436e-01
5.217837691307067871e-01
7.867376804351806641e-01
7.352821826934814453e-01
3.588803410530090332e-01
3.084073364734649658e-01
4.926483035087585449e-01
1.931848526000976562e-01
1.248610317707061768e-01
6.544187068939208984e-01
7.428491115570068359e-01
6.970091462135314941e-01
6.755386590957641602e-01
3.632782101631164551e-01
3.526059091091156006e-01
2.977021932601928711e-01
5.808418393135070801e-01
5.376292467117309570e-01
1.630715131759643555e-01
2.993559837341308594e-01
4.497507214546203613e-01
6.523389220237731934e-01
3.858535289764404297e-01
6.506350040435791016e-01
6.615849733352661133e-01
4.377145171165466309e-01
7.247135639190673828e-01
4.744980931282043457e-01
3.514870703220367432e-01
1.445857882499694824e-01
4.525090456008911133e-01
6.347464323043823242e-01
4.396418929100036621e-01
2.416390180587768555e-01
1.003752946853637695e-01
5.370491147041320801e-01
3.648914694786071777e-01
4.460754692554473877e-01
5.125295519828796387e-01
8.298983573913574219e-01
8.981106281280517578e-01
1.398427784442901611e-01
1.079857349395751953e-01
3.211936950683593750e-01
5.390360355377197266e-01
3.437535762786865234e-01
8.936434984207153320e-01
2.559467554092407227e-01
7.195934653282165527e-01
2.645894587039947510e-01
7.396140694618225098e-01
3.907766044139862061e-01
5.297848582267761230e-01
1.525456607341766357e-01
3.652419447898864746e-01
8.481980562210083008e-01
6.731408834457397461e-01
2.309653162956237793e-01
7.298319935798645020e-01
4.655767679214477539e-01
7.853257656097412109e-01
7.601914405822753906e-01
4.427234232425689697e-01
6.145343184471130371e-01
1.234560310840606689e-01
5.113885402679443359e-01
4.716834723949432373e-01
1.617369353771209717e-01
4.514138102531433105e-01
2.514130175113677979e-01
8.965742588043212891e-01
2.464019656181335449e-01
7.252374291419982910e-01
3.257204294204711914e-01
5.723983645439147949e-01
2.496508359909057617e-01
7.109764218330383301e-01
6.017398834228515625e-01
1.456945240497589111e-01
9.234729409217834473e-02
4.478857517242431641e-01
3.035637736320495605e-01
4.386263489723205566e-01
3.776883780956268311e-01
6.910534501075744629e-01
2.923021316528320312e-01
3.240821957588195801e-01
5.387222766876220703e-01
2.697048485279083252e-01
7.231876850128173828e-01
4.015648066997528076e-01
4.807832539081573486e-01
2.165043354034423828e-01
5.126280784606933594e-01
2.277396917343139648e-01
4.285329878330230713e-01
4.726800024509429932e-01
1.667065918445587158e-01
5.253346562385559082e-01
7.363982200622558594e-01
3.185907006263732910e-01
5.053786039352416992e-01
7.757306098937988281e-01
6.608798503875732422e-01
3.250059783458709717e-01
5.398687124252319336e-01
2.576875090599060059e-01
5.811771154403686523e-01
3.172294497489929199e-01
6.519047021865844727e-01
8.413665294647216797e-01
3.985115885734558105e-01
6.447215080261230469e-01
3.737042546272277832e-01
1.224915385246276855e-01
7.051213383674621582e-01
2.317466139793395996e-01
2.591878175735473633e-01
1.347793042659759521e-01
4.586013853549957275e-01
3.828461766242980957e-01
9.530791044235229492e-01
5.190710425376892090e-01
2.144153714179992676e-01
5.331300497055053711e-01
2.052606642246246338e-01
5.106351971626281738e-01
2.330175340175628662e-01
2.422052919864654541e-01
2.043296098709106445e-01
3.824292421340942383e-01
5.958895087242126465e-01
2.386934459209442139e-01
3.404303789138793945e-01
2.635399699211120605e-01
3.131436705589294434e-01
5.620386600494384766e-01
5.726913213729858398e-01
2.167541086673736572e-01
2.400601804256439209e-01
7.007161974906921387e-01
4.043297171592712402e-01
6.541622281074523926e-01
6.730934381484985352e-01
2.744186520576477051e-01
6.373853087425231934e-01
6.369022130966186523e-01
5.734584331512451172e-01
5.204918980598449707e-01
4.775013327598571777e-01
7.623205184936523438e-01
8.453295230865478516e-01
8.289824724197387695e-01
4.297923445701599121e-01
5.603446960449218750e-01
2.291320264339447021e-01
1.259180009365081787e-01
3.616490960121154785e-01
2.501978576183319092e-01
2.126153409481048584e-01
4.894236326217651367e-01
3.679673373699188232e-01
1.604887247085571289e-01
2.258865833282470703e-01
1.642341017723083496e-01
3.729631900787353516e-01
2.025971710681915283e-01
8.914895057678222656e-01
6.424054503440856934e-01
3.908388018608093262e-01
3.553591966629028320e-01
6.683491468429565430e-01
6.563209891319274902e-01
7.315777540206909180e-01
7.256773114204406738e-01
1.076464354991912842e-01
4.711829423904418945e-01
2.841187715530395508e-01
2.919930219650268555e-01
1.276845037937164307e-01
3.760135471820831299e-01
2.669554948806762695e-01
7.770383358001708984e-01
7.155476808547973633e-01
5.040971636772155762e-01
5.446796417236328125e-01
5.196285247802734375e-01
4.481360912322998047e-01
5.285294651985168457e-01
5.605358481407165527e-01
9.065579771995544434e-01
6.504871249198913574e-01
4.349938035011291504e-01
3.293039798736572266e-01
4.896564185619354248e-01
2.133065462112426758e-01
1.176328361034393311e-01
5.866747498512268066e-01
6.146535873413085938e-01
7.393162250518798828e-01
4.212360382080078125e-01
4.049509763717651367e-01
5.407829880714416504e-01
7.224695086479187012e-01
9.219390749931335449e-01
2.427418529987335205e-01
2.315321564674377441e-01
5.381855368614196777e-01
3.793860971927642822e-01
2.787462472915649414e-01
6.737568974494934082e-01
2.819172143936157227e-01
2.410645782947540283e-01
4.293642044067382812e-01
3.587954640388488770e-01
5.330288410186767578e-01
2.056777477264404297e-01
3.633426427841186523e-01
1.934478282928466797e-01
7.815216779708862305e-01
6.366244554519653320e-01
1.391908526420593262e-01
2.472631335258483887e-01
4.945753216743469238e-01
7.618111371994018555e-01
6.273939013481140137e-01
3.648147881031036377e-01
4.423686265945434570e-01
4.321426749229431152e-01
8.330776095390319824e-01
3.438616991043090820e-01
2.422520816326141357e-01
4.365991652011871338e-01
3.155578374862670898e-01
2.758183479309082031e-01
5.139700174331665039e-01
2.086939811706542969e-01
4.943788051605224609e-01
3.128079473972320557e-01
3.456514179706573486e-01
2.854354679584503174e-01
5.298361778259277344e-01
3.452671766281127930e-01
2.109240293502807617e-01
7.765763401985168457e-01
4.515981674194335938e-01
3.735980987548828125e-01
5.087676048278808594e-01
2.758944630622863770e-01
8.553870916366577148e-01
7.730621695518493652e-01
2.363504767417907715e-01
5.708428621292114258e-01
4.742015898227691650e-01
6.949998140335083008e-01
6.938650012016296387e-01
1.460027098655700684e-01
4.744959473609924316e-01
9.205149412155151367e-01
7.390198707580566406e-01
7.454933524131774902e-01
4.072885811328887939e-01
3.722010850906372070e-01
2.408223450183868408e-01
2.305129766464233398e-01
4.070766866207122803e-01
4.126425385475158691e-01
3.342742919921875000e-01
7.026014328002929688e-01
2.146640419960021973e-01
7.797589898109436035e-01
8.435711860656738281e-01
1.630455255508422852e-01
6.709252595901489258e-01
2.350174784660339355e-01
3.286149501800537109e-01
4.343328773975372314e-01
7.198847532272338867e-01
4.915851950645446777e-01
7.200988531112670898e-01
3.807866871356964111e-01
6.367610096931457520e-01
3.601287305355072021e-01
7.318524122238159180e-01
3.747309148311614990e-01
4.904946982860565186e-01
6.587388515472412109e-01
7.006567716598510742e-01
5.636682510375976562e-01
6.763322353363037109e-01
5.552133321762084961e-01
4.890097975730895996e-01
2.767436504364013672e-01
9.304758310317993164e-01
4.772255122661590576e-01
9.115651845932006836e-01
2.814935445785522461e-01
5.299335122108459473e-01
5.375196337699890137e-01
2.702024281024932861e-01
5.150238275527954102e-01
7.741502523422241211e-01
2.194490730762481689e-01
4.042437970638275146e-01
5.396081209182739258e-01
3.114647269248962402e-01
5.784698128700256348e-01
2.513598501682281494e-01
2.204230725765228271e-01
4.187474846839904785e-01
4.223366081714630127e-01
2.676099538803100586e-01
3.310264945030212402e-01
5.880144834518432617e-01
6.650487184524536133e-01
4.466064572334289551e-01
4.936187267303466797e-01
3.552548289299011230e-01
4.175506830215454102e-01
1.530005037784576416e-01
5.714424252510070801e-01
4.504095911979675293e-01
6.406160593032836914e-01
2.686340212821960449e-01
5.291664600372314453e-01
4.666429162025451660e-01
3.183051347732543945e-01
5.898856520652770996e-01
3.596327900886535645e-01
7.394623756408691406e-01
2.022174596786499023e-01
4.018604755401611328e-01
1.759738922119140625e-01
3.284041881561279297e-01
4.149964451789855957e-01
3.037201762199401855e-01
8.997508883476257324e-01
9.484828710556030273e-01
7.818372845649719238e-01
6.694357395172119141e-01
1.551370024681091309e-01
4.516512155532836914e-01
5.365019440650939941e-01
8.989388346672058105e-01
6.946751475334167480e-01
7.437507510185241699e-01
1.724799275398254395e-01
1.110759079456329346e-01
5.801323056221008301e-01
7.392983436584472656e-01
2.370317280292510986e-01
2.710430622100830078e-01
1.864278018474578857e-01
3.420383036136627197e-01
5.581107735633850098e-02
6.917655467987060547e-01
5.869452357292175293e-01
5.280556678771972656e-01
4.976269006729125977e-01
6.654139757156372070e-01
2.845745682716369629e-01
5.951520800590515137e-01
4.653973877429962158e-01
3.035106658935546875e-01
2.618042230606079102e-01
8.651509881019592285e-02
2.313668429851531982e-01
2.873813509941101074e-01
8.957844972610473633e-02
2.217641472816467285e-01
1.257532536983489990e-01
3.151464462280273438e-01
3.478108644485473633e-01
6.988669037818908691e-01
6.231080293655395508e-01
5.444757342338562012e-01
3.262710571289062500e-01
2.351443469524383545e-01
5.022863149642944336e-01
7.028411626815795898e-01
3.418154120445251465e-01
1.205812096595764160e-01
3.065957427024841309e-01
4.554988145828247070e-01
8.579382896423339844e-01
2.558211088180541992e-01
2.740646600723266602e-01
3.746107220649719238e-01
2.273087501525878906e-01
3.116638660430908203e-01
2.731041908264160156e-01
3.188416361808776855e-01
5.204605460166931152e-01
4.960002303123474121e-01
4.144081473350524902e-01
4.870498776435852051e-01
4.673067331314086914e-01
6.168441772460937500e-01
1.472420990467071533e-01
4.364785552024841309e-01
3.408600091934204102e-01
6.046419143676757812e-01
2.330360710620880127e-01
4.705738127231597900e-01
4.863972067832946777e-01
2.833719253540039062e-01
4.885614514350891113e-01
2.546609044075012207e-01
5.862112641334533691e-01
6.958823204040527344e-01
3.557223081588745117e-01
4.313458800315856934e-01
1.261124312877655029e-01
8.999658226966857910e-01
4.889763593673706055e-01
4.039717316627502441e-01
7.405948042869567871e-01
5.023400783538818359e-01
6.888082623481750488e-01
5.062433481216430664e-01
4.835473895072937012e-01
5.220850706100463867e-01
1.577717959880828857e-01
3.287774324417114258e-01
6.505122184753417969e-01
9.057950973510742188e-01
4.560486674308776855e-01
7.801634669303894043e-01
7.840999364852905273e-01
8.286340236663818359e-01
9.143448472023010254e-01
3.912945389747619629e-01
5.347777605056762695e-01
3.820041120052337646e-01
2.178432941436767578e-01
2.718408703804016113e-01
2.306563556194305420e-01
3.999890387058258057e-01
7.119520902633666992e-01
3.144704401493072510e-01
4.728441238403320312e-01
3.436342477798461914e-01
2.482343316078186035e-01
6.847715377807617188e-01
3.257361650466918945e-01
1.591702699661254883e-01
7.600356936454772949e-01
3.218997120857238770e-01
2.988451719284057617e-01
2.433544397354125977e-01
7.503092288970947266e-01
6.316928863525390625e-01
4.807388484477996826e-01
8.855673670768737793e-01
2.118923664093017578e-01
4.676245748996734619e-01
2.594555616378784180e-01
4.010440409183502197e-01
4.796650111675262451e-01
2.202566862106323242e-01
6.852012872695922852e-01
5.984098911285400391e-01
5.715044140815734863e-01
2.552586495876312256e-01
6.209872364997863770e-01
4.147690832614898682e-01
4.589252471923828125e-01
8.219224214553833008e-01
3.419149518013000488e-01
4.504022896289825439e-01
5.648357868194580078e-01
7.930560111999511719e-01
7.995921373367309570e-01
3.398777246475219727e-01
6.259087920188903809e-01
6.242166757583618164e-01
2.826102077960968018e-01
7.056223154067993164e-01
3.083356022834777832e-01
7.455105185508728027e-01
4.740870893001556396e-01
2.464257478713989258e-01
2.983679473400115967e-01
8.902347087860107422e-01
6.779893040657043457e-01
8.348731994628906250e-01
3.780570626258850098e-01
7.431598901748657227e-01
4.671280682086944580e-01
3.290800154209136963e-01
3.396403193473815918e-01
2.795904874801635742e-01
7.737947702407836914e-01
1.960702240467071533e-01
4.359207749366760254e-01
3.874558508396148682e-01
5.011888742446899414e-01
4.703104496002197266e-01
5.802939534187316895e-01
5.392049551010131836e-01
5.714872479438781738e-02
1.761760413646697998e-01
6.874911189079284668e-01
6.245288252830505371e-01
8.103676438331604004e-01
3.997434377670288086e-01
2.240158319473266602e-01
3.284417986869812012e-01
8.169002532958984375e-01
5.597848296165466309e-01
4.450378119945526123e-01
1.993783116340637207e-01
3.164976239204406738e-01
5.305076837539672852e-01
5.221958756446838379e-01
6.216604113578796387e-01
4.998734891414642334e-01
2.952315807342529297e-01
5.168848037719726562e-01
6.768105626106262207e-01
7.583769559860229492e-01
2.081286609172821045e-01
4.721531867980957031e-01
9.201343655586242676e-01
3.844275772571563721e-01
3.029091358184814453e-01
3.545714616775512695e-01
6.983574032783508301e-01
5.946259498596191406e-01
6.779292821884155273e-01
5.209490656852722168e-01
1.067685782909393311e-01
5.749072432518005371e-01
2.878772020339965820e-01
1.183629930019378662e-01
3.353374600410461426e-01
3.703720569610595703e-01
4.690927267074584961e-01
2.201902568340301514e-01
4.685117006301879883e-01
4.777148663997650146e-01
4.418955445289611816e-01
2.254208326339721680e-01
3.293728232383728027e-01
2.868885993957519531e-01
5.714151859283447266e-01
5.478358864784240723e-01
5.250049829483032227e-01
7.165266871452331543e-01
3.822291791439056396e-01
2.504615187644958496e-01
7.483971118927001953e-01
1.771247386932373047e-01
5.391623377799987793e-01
1.482124328613281250e-01
8.296455144882202148e-01
2.693855762481689453e-01
3.708879947662353516e-01
6.337617635726928711e-01
8.041107654571533203e-02
2.867484092712402344e-01
7.354622483253479004e-01
4.709462523460388184e-01
5.734335184097290039e-01
3.449684977531433105e-01
8.006063699722290039e-01
3.014036417007446289e-01
6.389011144638061523e-01
2.615562677383422852e-01
3.129299283027648926e-01
3.541287481784820557e-01
3.046771287918090820e-01
8.080905079841613770e-01
9.118305444717407227e-01
7.028397917747497559e-01
6.762024164199829102e-01
8.907946944236755371e-01
2.718635201454162598e-01
8.073879480361938477e-01
3.855212628841400146e-01
9.340330958366394043e-02
1.972044110298156738e-01
5.593826174736022949e-01
5.888976454734802246e-01
3.318592905998229980e-01
5.787775516510009766e-01
5.811670422554016113e-01
6.285429000854492188e-01
5.248916745185852051e-01
3.711377084255218506e-01
3.985037207603454590e-01
7.639986276626586914e-01
4.736669361591339111e-01
3.738442063331604004e-01
2.991527915000915527e-01
3.545196950435638428e-01
6.793278455734252930e-01
3.256260156631469727e-01
3.358681201934814453e-01
5.880078077316284180e-01
